2.066265387608056 8358.58028227973 130.77220675523486 
15.911769171254132 11772.171367629067 990.4746837104836 
21.27163848424478 11308.77319417162 699.0479980404255 
30.083602348539227 10972.781253711697 534.9675750097023 
43.51932371083313 13720.034228819706 180.82385064973332 
46.88510359791787 5156.441405504579 101.45226444628082 
70.16085693345106 7260.653300431481 325.7728328889496 
84.82633554930105 12861.601378580654 871.1156144149272 
90.10193481436835 8469.704726284088 583.3502937739399 
97.9093157354068 9343.308586081854 878.8399726945617 
118.12783995303732 10450.661506568544 743.313648915203 
130.6079283100089 4793.022555647754 72.63439696806968 
133.80691184367387 6900.589119092556 612.4860849236925 
146.83507701039542 8140.1385828626035 1459.9189405277173 
164.69690485780265 6136.7263377773315 666.7602498866721 
