11050.65668039909 2354.5488413999824 4166.981325216837 
9924.519247439284 3309.34822886475 1633.6087205505312 
10976.044967367701 12022.98379065922 25094.902997280424 
5117.908688297752 5193.424097189867 7619.1069583332355 
5612.679852598225 25074.12718157322 13965.365768016709 
14208.947907656406 779.6621577044542 5379.751011705345 
32042.67774084193 5832.801381367319 5057.544410352985 
501.4871399786305 13725.198479164812 5836.197808422149 
14901.717695838213 16268.487344324962 21718.320810178786 
30176.122773500552 10058.063230162375 3501.2130129934785 
